[[591.0,406.0],
[594.14285714285711,406.28571428571428],
[596.14285714285722,405.42857142857144],
[594.71428571428578,405.42857142857144],
[595.0,404.71428571428572],
[595.0,403.99999999999994],
[590.57142857142867,402.0],
[590.85714285714289,398.57142857142856],
[586.85714285714289,396.14285714285711],
[581.0,391.28571428571422],
[577.71428571428567,388.14285714285711],
[575.85714285714289,389.14285714285717],
[571.85714285714289,382.85714285714283],
[567.0,375.85714285714283],
[563.0,373.0],
[558.04761904761904,369.14285714285711],
[552.80952380952374,364.71428571428572],
[547.28571428571433,360.99999999999994],
[542.57142857142856,356.28571428571428],
[535.85714285714289,351.85714285714283],
[532.57142857142867,348.78571428571428],
[527.85714285714289,346.14285714285711],
[522.71428571428567,341.28571428571428],
[519.14285714285711,334.42857142857139],
[511.42857142857144,331.0],
[507.14285714285711,328.42857142857144],
[502.14285714285711,319.57142857142856],
[499.00000000000006,314.28571428571428],
[490.71428571428572,308.14285714285711],
[485.42857142857144,300.14285714285711],
[480.85714285714295,293.53571428571428],
[476.57142857142856,286.64285714285711],
[471.57142857142867,279.32142857142856],
[468.14285714285722,273.14285714285711],
[462.85714285714283,267.42857142857144],
[457.71428571428567,260.85714285714283],
[451.42857142857139,252.28571428571425],
[446.00000000000006,244.71428571428567],
[440.85714285714289,237.71428571428569],
[435.85714285714289,230.85714285714286],
[431.00000000000006,223.85714285714283],
[425.57142857142856,217.71428571428572],
[420.71428571428567,210.85714285714286],
[415.42857142857144,201.99999999999997],
[411.57142857142856,196.42857142857147],
[407.28571428571433,191.14285714285714],
[402.85714285714283,189.42857142857142],
[398.85714285714283,187.28571428571425],
[395.28571428571433,186.57142857142856],
[388.57142857142861,182.28571428571428],
[382.0,182.00000000000003],
[375.0,177.99999999999997],
[368.57142857142861,175.57142857142858],
[361.14285714285717,173.42857142857142],
[354.57142857142856,170.85714285714289],
[349.14285714285722,169.57142857142856],
[345.71428571428572,166.28571428571425],
[341.28571428571433,164.28571428571425],
[335.14285714285717,166.14285714285714],
[334.00000000000006,164.42857142857142],
[328.85714285714289,166.0],
[328.71428571428572,163.0],
[326.14285714285717,163.42857142857144],
[323.85714285714289, 164.57142857142853]]